06   0  4560419  4509811  4611027 11.8 11.7 11.9  1363913  1335622  1392204 15.6 15.3 15.9   969127   944427   993827 15.2 14.8 15.6  80423  80110  80736  362735  349016  376454 15.7 15.1 16.3 California                                    CA est19-ca.txt 16NOV2020
06   1   146315   135008   157622  8.9  8.2  9.6    32720    28023    37417  9.8  8.4 11.2    22189    18330    26048  9.2  7.6 10.8 107589 105354 109824                                        Alameda County                                CA est19-ca.txt 16NOV2020
06   3      193      145      241 17.2 13.0 21.4       58       40       76 29.6 20.3 38.9       38       25       51 25.5 16.6 34.4  58112  50969  65255                                        Alpine County                                 CA est19-ca.txt 16NOV2020
06   5     3462     2620     4304  9.8  7.4 12.2      737      495      979 12.5  8.4 16.6      514      329      699 12.0  7.7 16.3  62640  58769  66511                                        Amador County                                 CA est19-ca.txt 16NOV2020
06   7    34503    30323    38683 16.1 14.2 18.0     6997     5071     8923 16.1 11.7 20.5     4767     3340     6194 15.1 10.6 19.6  58394  54390  62398                                        Butte County                                  CA est19-ca.txt 16NOV2020
06   9     5477     4255     6699 12.1  9.4 14.8     1479     1089     1869 19.6 14.4 24.8     1055      757     1353 19.1 13.7 24.5  68248  61762  74734                                        Calaveras County                              CA est19-ca.txt 16NOV2020
06  11     2554     2066     3042 12.0  9.7 14.3      881      658     1104 15.3 11.4 19.2      586      409      763 13.7  9.5 17.9  59048  52756  65340                                        Colusa County                                 CA est19-ca.txt 16NOV2020
06  13    90482    81216    99748  7.9  7.1  8.7    25256    21329    29183  9.9  8.4 11.4    17830    14898    20762  9.3  7.8 10.8 106555 103354 109756                                        Contra Costa County                           CA est19-ca.txt 16NOV2020
06  15     4445     3261     5629 17.9 13.1 22.7     1454      981     1927 25.8 17.4 34.2     1003      642     1364 23.8 15.2 32.4  48979  43919  54039                                        Del Norte County                              CA est19-ca.txt 16NOV2020
06  17    16649    14268    19030  8.7  7.5  9.9     3418     2600     4236  9.1  6.9 11.3     2244     1623     2865  7.8  5.6 10.0  86202  81001  91403                                        El Dorado County                              CA est19-ca.txt 16NOV2020
06  19   200873   188411   213335 20.5 19.2 21.8    80569    73918    87220 29.0 26.6 31.4    58356    53660    63052 28.8 26.5 31.1  56926  54617  59235                                        Fresno County                                 CA est19-ca.txt 16NOV2020
06  21     3397     2503     4291 12.1  8.9 15.3     1347      903     1791 18.1 12.1 24.1      953      615     1291 17.4 11.2 23.6  55682  49829  61535                                        Glenn County                                  CA est19-ca.txt 16NOV2020
06  23    25136    22243    28029 19.1 16.9 21.3     5120     3952     6288 20.5 15.8 25.2     3752     2852     4652 20.8 15.8 25.8  51134  47446  54822                                        Humboldt County                               CA est19-ca.txt 16NOV2020
06  25    38020    32901    43139 22.0 19.0 25.0    15633    13074    18192 30.7 25.7 35.7    10447     8453    12441 28.5 23.1 33.9  48102  45177  51027                                        Imperial County                               CA est19-ca.txt 16NOV2020
06  27     2071     1606     2536 11.7  9.1 14.3      567      385      749 15.4 10.5 20.3      391      254      528 14.5  9.4 19.6  59605  53169  66041                                        Inyo County                                   CA est19-ca.txt 16NOV2020
06  29   164817   150998   178636 19.0 17.4 20.6    66306    59182    73430 26.0 23.2 28.8    49201    43943    54459 26.3 23.5 29.1  53245  51116  55374                                        Kern County                                   CA est19-ca.txt 16NOV2020
06  31    21840    18284    25396 16.0 13.4 18.6     9088     7446    10730 22.3 18.3 26.3     6003     4753     7253 20.5 16.2 24.8  57297  53359  61235                                        Kings County                                  CA est19-ca.txt 16NOV2020
06  33    11622     9453    13791 18.3 14.9 21.7     3340     2418     4262 25.2 18.2 32.2     2345     1687     3003 24.7 17.8 31.6  46897  43418  50376                                        Lake County                                   CA est19-ca.txt 16NOV2020
06  35     3789     2926     4652 16.5 12.7 20.3      772      526     1018 15.0 10.2 19.8      508      329      687 13.8  8.9 18.7  53613  49328  57898                                        Lassen County                                 CA est19-ca.txt 16NOV2020
06  37  1319242  1280878  1357606 13.4 13.0 13.8   385475   367258   403692 18.3 17.4 19.2   277650   263702   291598 18.1 17.2 19.0  72721  72077  73365                                        Los Angeles County                            CA est19-ca.txt 16NOV2020
06  39    26309    22123    30495 17.6 14.8 20.4    11023     8988    13058 26.1 21.3 30.9     7535     5949     9121 24.4 19.3 29.5  61105  56926  65284                                        Madera County                                 CA est19-ca.txt 16NOV2020
06  41    17357    14718    19996  6.9  5.9  7.9     3621     2737     4505  7.2  5.5  8.9     2423     1768     3078  6.2  4.5  7.9 112069 105883 118255                                        Marin County                                  CA est19-ca.txt 16NOV2020
06  43     2565     2023     3107 15.1 11.9 18.3      598      422      774 21.9 15.4 28.4      442      304      580 22.0 15.1 28.9  52760  46592  58928                                        Mariposa County                               CA est19-ca.txt 16NOV2020
06  45    11980     9907    14053 14.0 11.6 16.4     3628     2647     4609 20.4 14.9 25.9     2304     1534     3074 17.9 11.9 23.9  52309  48788  55830                                        Mendocino County                              CA est19-ca.txt 16NOV2020
06  47    46011    38982    53040 17.0 14.4 19.6    17979    14250    21708 22.5 17.8 27.2    13177    10506    15848 22.4 17.9 26.9  59733  56813  62653                                        Merced County                                 CA est19-ca.txt 16NOV2020
06  49     1757     1362     2152 20.5 15.9 25.1      507      357      657 31.0 21.8 40.2      354      237      471 29.2 19.5 38.9  45311  40289  50333                                        Modoc County                                  CA est19-ca.txt 16NOV2020
06  51     1437     1097     1777 10.1  7.7 12.5      306      213      399 12.0  8.3 15.7      208      138      278 11.2  7.4 15.0  66226  58152  74300                                        Mono County                                   CA est19-ca.txt 16NOV2020
06  53    52484    46226    58742 12.6 11.1 14.1    20237    17631    22843 18.4 16.0 20.8    13825    11957    15693 17.1 14.8 19.4  76509  73761  79257                                        Monterey County                               CA est19-ca.txt 16NOV2020
06  55     9897     7877    11917  7.4  5.9  8.9     2295     1625     2965  8.4  5.9 10.9     1596     1082     2110  7.7  5.2 10.2  90230  85254  95206                                        Napa County                                   CA est19-ca.txt 16NOV2020
06  57     9268     7229    11307  9.4  7.3 11.5     2242     1594     2890 13.5  9.6 17.4     1580     1090     2070 12.8  8.8 16.8  69550  63962  75138                                        Nevada County                                 CA est19-ca.txt 16NOV2020
06  59   297658   277889   317427  9.5  8.9 10.1    84854    75682    94026 12.6 11.2 14.0    61939    55357    68521 12.5 11.2 13.8  95761  94655  96867                                        Orange County                                 CA est19-ca.txt 16NOV2020
06  61    26170    22169    30171  6.6  5.6  7.6     6518     5156     7880  7.5  5.9  9.1     4938     3914     5962  7.5  5.9  9.1  97688  94270 101106                                        Placer County                                 CA est19-ca.txt 16NOV2020
06  63     2432     1863     3001 13.2 10.1 16.3      618      435      801 19.3 13.6 25.0      440      302      578 19.2 13.2 25.2  59376  52714  66038                                        Plumas County                                 CA est19-ca.txt 16NOV2020
06  65   274953   255600   294306 11.3 10.5 12.1    84674    76013    93335 14.1 12.7 15.5    59063    51982    66144 13.2 11.6 14.8  72905  71384  74426                                        Riverside County                              CA est19-ca.txt 16NOV2020
06  67   192993   177822   208164 12.6 11.6 13.6    57162    50189    64135 16.0 14.0 18.0    38811    33020    44602 14.9 12.7 17.1  71891  70566  73216                                        Sacramento County                             CA est19-ca.txt 16NOV2020
06  69     6518     5414     7622 10.4  8.6 12.2     2188     1746     2630 13.9 11.1 16.7     1607     1272     1942 13.8 10.9 16.7  84209  77370  91048                                        San Benito County                             CA est19-ca.txt 16NOV2020
06  71   284359   264289   304429 13.3 12.4 14.2   103341    92511   114171 18.5 16.6 20.4    73249    64705    81793 17.9 15.8 20.0  67398  65585  69211                                        San Bernardino County                         CA est19-ca.txt 16NOV2020
06  73   335034   313969   356099 10.3  9.6 11.0    89798    79659    99937 12.8 11.4 14.2    62923    54782    71064 12.5 10.9 14.1  83576  81951  85201                                        San Diego County                              CA est19-ca.txt 16NOV2020
06  75    82616    75280    89952  9.5  8.7 10.3    10670     7651    13689  9.3  6.7 11.9     7467     5224     9710  9.8  6.9 12.7 121795 118061 125529                                        San Francisco County                          CA est19-ca.txt 16NOV2020
06  77   101772    91702   111842 13.6 12.3 14.9    36541    31606    41476 18.2 15.7 20.7    24395    20601    28189 16.4 13.8 19.0  68458  66073  70843                                        San Joaquin County                            CA est19-ca.txt 16NOV2020
06  79    31180    26972    35388 11.6 10.0 13.2     5427     3950     6904 11.2  8.2 14.2     3830     2744     4916 10.7  7.7 13.7  76599  73318  79880                                        San Luis Obispo County                        CA est19-ca.txt 16NOV2020
06  81    46328    40416    52240  6.1  5.3  6.9     9582     7326    11838  6.3  4.8  7.8     6528     4891     8165  5.9  4.4  7.4 135234 129894 140574                                        San Mateo County                              CA est19-ca.txt 16NOV2020
06  83    51298    45550    57046 12.0 10.7 13.3    12571     9751    15391 13.1 10.2 16.0     8813     6593    11033 12.8  9.6 16.0  74530  70737  78323                                        Santa Barbara County                          CA est19-ca.txt 16NOV2020
06  85   116401   105726   127076  6.1  5.5  6.7    22559    17795    27323  5.5  4.3  6.7    16217    12805    19629  5.4  4.3  6.5 132444 129361 135527                                        Santa Clara County                            CA est19-ca.txt 16NOV2020
06  87    27531    23215    31847 10.6  8.9 12.3     5275     3638     6912 10.4  7.2 13.6     3855     2603     5107 10.3  7.0 13.6  85770  80182  91358                                        Santa Cruz County                             CA est19-ca.txt 16NOV2020
06  89    23508    19580    27436 13.3 11.1 15.5     6214     4471     7957 16.5 11.9 21.1     4178     2764     5592 15.3 10.1 20.5  61464  58759  64169                                        Shasta County                                 CA est19-ca.txt 16NOV2020
06  91      375      281      469 12.7  9.5 15.9       89       61      117 18.4 12.7 24.1       64       43       85 18.5 12.3 24.7  55862  49086  62638                                        Sierra County                                 CA est19-ca.txt 16NOV2020
06  93     7484     6176     8792 17.4 14.4 20.4     2186     1619     2753 25.5 18.9 32.1     1623     1188     2058 25.4 18.6 32.2  45954  41295  50613                                        Siskiyou County                               CA est19-ca.txt 16NOV2020
06  95    39018    33971    44065  9.0  7.8 10.2    10866     8782    12950 11.2  9.0 13.4     7859     6329     9389 11.2  9.0 13.4  85704  82408  89000                                        Solano County                                 CA est19-ca.txt 16NOV2020
06  97    34758    29838    39678  7.2  6.2  8.2     7197     5225     9169  7.7  5.6  9.8     4760     3109     6411  6.8  4.4  9.2  87084  84158  90010                                        Sonoma County                                 CA est19-ca.txt 16NOV2020
06  99    70741    62626    78856 13.0 11.5 14.5    24942    20684    29200 17.1 14.2 20.0    16980    13879    20081 15.8 12.9 18.7  62761  60278  65244                                        Stanislaus County                             CA est19-ca.txt 16NOV2020
06 101    12310     9844    14776 12.8 10.2 15.4     4274     3091     5457 17.4 12.6 22.2     3044     2126     3962 16.9 11.8 22.0  60910  56448  65372                                        Sutter County                                 CA est19-ca.txt 16NOV2020
06 103    10484     8349    12619 16.3 13.0 19.6     3567     2598     4536 23.7 17.3 30.1     2551     1823     3279 22.9 16.4 29.4  51672  45983  57361                                        Tehama County                                 CA est19-ca.txt 16NOV2020
06 105     1986     1494     2478 16.5 12.4 20.6      519      348      690 25.3 17.0 33.6      382      249      515 25.6 16.7 34.5  43881  39175  48587                                        Trinity County                                CA est19-ca.txt 16NOV2020
06 107    86940    76005    97875 18.9 16.5 21.3    36193    30331    42055 25.8 21.6 30.0    26899    22386    31412 25.8 21.5 30.1  56776  54401  59151                                        Tulare County                                 CA est19-ca.txt 16NOV2020
06 109     5781     4457     7105 11.3  8.7 13.9     1361      913     1809 15.2 10.2 20.2      945      611     1279 14.5  9.4 19.6  64729  59115  70343                                        Tuolumne County                               CA est19-ca.txt 16NOV2020
06 111    68482    59756    77208  8.2  7.2  9.2    21240    17596    24884 11.4  9.4 13.4    15456    12675    18237 11.1  9.1 13.1  91446  88664  94228                                        Ventura County                                CA est19-ca.txt 16NOV2020
06 113    35608    32389    38827 16.9 15.4 18.4     5846     4478     7214 13.0 10.0 16.0     4312     3277     5347 12.9  9.8 16.0  70951  67005  74897                                        Yolo County                                   CA est19-ca.txt 16NOV2020
06 115    11748     9593    13903 15.2 12.4 18.0     3990     2805     5175 18.8 13.2 24.4     2723     1758     3688 18.0 11.6 24.4  56607  53088  60126                                        Yuba County                                   CA est19-ca.txt 16NOV2020
